32 0 60 11 10 300
32 0 60 30 20 300
32 1 60 142 30 300
32 0 60 109 30 300
32 1 60 130 30 300
32 0 120 160 30 300
128 2 150 41 5 130
1 0 60 9500 2000 300
20 5 60 20000 10 800
32 0 60 350 30 300
32 0 120 380 30 300
32 0 60 500 30 300
32 1 120 870 30 300
20 2 60 2000 30 800
1 1 120 75000 10000 300
10 0 180 11000 60 180
3 0 100 45000 1000 2000
40 5 90 180000 20 300
32 0 60 6000 20 300
32 1 60 11000 30 300
32 0 60 11000 20 300
32 1 60 17000 30 300
32 0 60 17000 20 300
32 1 60 25000 30 300
32 0 60 25000 20 300
32 1 60 37000 30 300
1 5 80 2600000 0 300
