32 0 60 11 10 300
32 0 60 30 10 300
32 1 60 142 20 300
32 0 60 109 20 300
32 1 60 130 20 300
32 0 120 160 20 300
128 2 150 41 5 130
1 0 60 9500 800 300
20 5 60 20000 8 800
32 0 60 350 20 300
32 0 120 380 20 300
32 0 60 500 20 300
32 1 120 870 20 300
20 2 60 2000 20 800
1 1 120 75000 6000 300
10 0 180 11000 20 180
3 0 100 45000 600 2000
40 5 90 180000 10 300
32 0 60 6000 10 300
32 1 60 11000 20 300
32 0 60 11000 10 300
32 1 60 17000 20 300
32 0 60 17000 10 300
32 1 60 25000 20 300
32 0 60 25000 10 300
32 1 60 37000 20 300
1 5 80 2600000 0 300
