32 0 60 10 10 300
32 0 60 27 20 300
32 1 60 119 30 300
32 0 60 109 30 300
32 1 60 209 30 300
32 0 120 133 30 300
128 2 150 34 5 130
1 0 60 7900 2000 300
20 5 60 17000 10 800
32 0 60 290 30 300
32 0 120 317 30 300
32 0 60 417 30 300
32 1 120 725 30 300
20 2 60 1600 30 800
1 1 120 63000 10000 300
10 0 180 9000 60 180
3 0 100 39000 1000 2000
40 5 90 160000 20 300
32 0 60 5500 20 300
32 1 60 10000 30 300
32 0 60 10000 20 300
32 1 60 15000 30 300
32 0 60 15000 20 300
32 1 60 24000 30 300
32 0 60 24000 20 300
32 1 60 35000 30 300
1 5 80 2100000 0 300
