32 0 60 11 10 300
32 0 60 30 10 300
32 1 60 142 20 300
32 0 60 109 20 300
32 1 60 130 10 300
32 0 120 160 10 300
128 2 150 41 2 130
1 0 60 9500 100 300
20 5 60 20000 2 800
32 0 60 350 10 300
32 0 120 380 10 300
32 0 60 500 5 300
32 1 120 870 5 300
20 2 60 2000 5 800
1 1 120 75000 1000 300
10 0 180 11000 10 180
3 0 100 45000 100 2000
40 5 90 180000 5 300
32 0 60 6000 5 300
32 1 60 11000 10 300
32 0 60 11000 5 300
32 1 60 17000 10 300
32 0 60 17000 5 300
32 1 60 25000 10 300
32 0 60 25000 5 300
32 1 60 37000 10 300
1 5 80 2600000 0 300
