32 0 60 10 10 300
32 0 60 25 20 300
32 1 60 110 30 300
32 0 60 100 30 300
32 1 60 190 30 300
32 0 120 120 30 300
128 2 150 30 5 130
1 0 60 7000 2000 300
20 5 60 15000 10 800
32 0 60 250 30 300
32 0 120 270 30 300
32 0 60 350 30 300
32 1 120 600 30 300
20 2 60 1300 30 800
1 1 120 50000 10000 300
10 0 180 7000 60 180
3 0 100 30000 1000 2000
40 5 90 120000 20 300
32 0 60 4000 20 300
32 1 60 7000 30 300
32 0 60 7000 20 300
32 1 60 10000 30 300
32 0 60 10000 20 300
32 1 60 15000 30 300
32 0 60 15000 20 300
32 1 60 20000 30 300
1 5 80 1200000 0 300
